date, value,year,cumulative_value
1928-12-31,37.88,1928,37.88
1929-12-31,-11.91,1929,25.970000000000002
1930-12-31,-28.48,1930,-2.509999999999998
1931-12-31,-47.07,1931,-49.58
1932-12-31,-15.15,1932,-64.73
1933-12-30,46.59,1933,-18.14
1934-12-31,-5.94,1934,-24.080000000000002
1935-12-31,41.37,1935,17.289999999999996
1936-12-31,27.92,1936,45.209999999999994
1937-12-31,-38.59,1937,6.61999999999999
1938-12-31,25.21,1938,31.82999999999999
1939-12-30,-5.45,1939,26.379999999999992
1940-12-31,-15.29,1940,11.089999999999993
1941-12-31,-17.86,1941,-6.770000000000007
1942-12-31,12.43,1942,5.659999999999993
1943-12-31,19.45,1943,25.109999999999992
1944-12-30,13.8,1944,38.91
1945-12-31,30.72,1945,69.63
1946-12-31,-11.87,1946,57.76
1947-12-31,0.0,1947,57.76
1948-12-31,-0.65,1948,57.11
1949-12-31,10.26,1949,67.37
1950-12-30,21.78,1950,89.15
1951-12-31,16.46,1951,105.61000000000001
1952-12-31,11.78,1952,117.39000000000001
1953-12-31,-6.62,1953,110.77000000000001
1954-12-31,45.02,1954,155.79000000000002
1955-12-30,26.4,1955,182.19000000000003
1956-12-31,2.62,1956,184.81000000000003
1957-12-31,-14.31,1957,170.50000000000003
1958-12-31,38.06,1958,208.56000000000003
1959-12-31,8.48,1959,217.04000000000002
1960-12-30,-2.97,1960,214.07000000000002
1961-12-29,23.13,1961,237.20000000000002
1962-12-31,-11.81,1962,225.39000000000001
1963-12-31,18.89,1963,244.28000000000003
1964-12-31,12.97,1964,257.25000000000006
1965-12-31,9.06,1965,266.31000000000006
1966-12-30,-13.09,1966,253.22000000000006
1967-12-29,20.09,1967,273.31000000000006
1968-12-31,7.66,1968,280.9700000000001
1969-12-31,-11.36,1969,269.61000000000007
1970-12-31,0.1,1970,269.7100000000001
1971-12-31,10.79,1971,280.5000000000001
1972-12-29,15.63,1972,296.1300000000001
1973-12-31,-17.37,1973,278.7600000000001
1974-12-31,-29.72,1974,249.0400000000001
1975-12-31,31.55,1975,280.5900000000001
1976-12-31,19.15,1976,299.74000000000007
1977-12-30,-11.5,1977,288.24000000000007
1978-12-29,1.06,1978,289.30000000000007
1979-12-31,12.31,1979,301.61000000000007
1980-12-31,25.77,1980,327.38000000000005
1981-12-31,-9.73,1981,317.65000000000003
1982-12-31,14.76,1982,332.41
1983-12-30,17.27,1983,349.68
1984-12-31,1.4,1984,351.08
1985-12-31,26.33,1985,377.40999999999997
1986-12-31,14.62,1986,392.03
1987-12-31,2.03,1987,394.05999999999995
1988-12-30,12.4,1988,406.4599999999999
1989-12-29,27.25,1989,433.7099999999999
1990-12-31,-6.56,1990,427.1499999999999
1991-12-31,26.31,1991,453.4599999999999
1992-12-31,4.46,1992,457.9199999999999
1993-12-31,7.06,1993,464.9799999999999
1994-12-30,-1.54,1994,463.4399999999999
1995-12-29,34.11,1995,497.5499999999999
1996-12-31,20.26,1996,517.81
1997-12-31,31.01,1997,548.8199999999999
1998-12-31,26.67,1998,575.4899999999999
1999-12-31,19.53,1999,595.0199999999999
2000-12-29,-10.14,2000,584.8799999999999
2001-12-31,-13.04,2001,571.8399999999999
2002-12-31,-23.37,2002,548.4699999999999
2003-12-31,26.38,2003,574.8499999999999
2004-12-31,8.99,2004,583.8399999999999
2005-12-30,3.0,2005,586.8399999999999
2006-12-29,13.62,2006,600.4599999999999
2007-12-31,3.53,2007,603.9899999999999
2008-12-31,-38.49,2008,565.4999999999999
2009-12-31,23.45,2009,588.9499999999999
2010-12-31,12.78,2010,601.7299999999999
2011-12-30,0.0,2011,601.7299999999999
2012-12-31,13.41,2012,615.1399999999999
2013-12-31,29.6,2013,644.7399999999999
2014-12-31,11.39,2014,656.1299999999999
2015-12-31,-0.73,2015,655.3999999999999
2016-12-30,9.54,2016,664.9399999999998
2017-12-29,19.42,2017,684.3599999999998
2018-12-31,-6.24,2018,678.1199999999998
2019-12-31,28.88,2019,706.9999999999998
2020-12-31,16.26,2020,723.2599999999998
2021-12-31,26.89,2021,750.1499999999997
2022-12-31,-19.44,2022,730.7099999999997
2023-02-17,6.24,2023,736.9499999999997
